0 0.3834475859375 0.07937508345978757 0.035723765625 0.09988376327769348
0 0.41882490624999996 0.08356795144157815 0.02471746875 0.07806758725341426
0 0.3268437890625 0.28901875569044005 0.029434453125 0.08809001517450682
0 0.3535733359375 0.40327443095599397 0.026289796875 0.0847886191198786
0 0.377944421875 0.37602071320182096 0.028643375 0.09328482549317146
0 0.387378421875 0.5301087632776935 0.02471746875 0.08645333839150228
0 0.346497921875 0.6055804628224584 0.031006781249999997 0.09064620637329286
0 0.42196960546875006 0.6171109256449164 0.0372960859375 0.1646855842185129
0 0.41253562109375 0.8319956449165402 0.0372960859375 0.11126352048558422
0 0.3677243203125 0.9001298330804249 0.032579109375 0.09309396054628225
