0 0.073951171875 0.4009710242792109 0.050484078125 0.049144779969650984
0 0.10425419921875001 0.4455569878603945 0.0536738671875 0.053391062215478
0 0.19675818359375002 0.5028817981790592 0.0536738671875 0.05763734446130501
0 0.2741106328125 0.4455569878603945 0.05526876562500001 0.053391062215478
0 0.038066 0.5067775417298939 0.045699390625 0.04552352048558422
0 0.4001075078125 0.5039434825493171 0.05526876562500001 0.05114857359635812
0 0.404892140625 0.38610911229135053 0.052078968749999996 0.05448165402124431
0 0.53966091796875 0.370185531107739 0.0536738671875 0.055224172989377845
0 0.44875183203124996 0.4338797951441578 0.0568636640625 0.051578103186646435
0 0.589900109375 0.4232640136570562 0.052078968749999996 0.04759509863429438
0 0.58591287109375 0.48058893019726867 0.0536738671875 0.05584220030349014
0 0.69417052734375 0.41052525037936266 0.0540644921875 0.051801335356600905
0 0.7007454492187499 0.46997314112291355 0.0536738671875 0.048789074355083464
0 0.8410966757812501 0.3871706525037936 0.0568636640625 0.05029790591805767
0 0.86581724609375 0.3234763884673748 0.0488891796875 0.0522107435508346
0 0.9575240703124999 0.3574466919575114 0.050484078125 0.045277602427921095
0 0.85545021484375 0.44237230652503795 0.0536738671875 0.05322139605462822
0 0.06438179296874999 0.7151961305007587 0.0568636640625 0.06272185128983308
0 0.3570452421875 0.7045804248861912 0.05526876562500001 0.04960758725341426
0 0.3434886796875 0.5984232018209408 0.050484078125 0.05372713201820941
0 0.6010644335937501 0.6897184446130501 0.0488891796875 0.053391062215478
0 0.6600755781250001 0.5771918437025796 0.052078968749999996 0.04548657056145675
0 0.8227546953125 0.6079774810318664 0.05526876562500001 0.059041153262518964
0 0.84588068359375 0.5432215857359636 0.0536738671875 0.05853634294385432
0 0.95752365234375 0.5718840136570562 0.0536738671875 0.062344658573596355
0 0.8299322460937499 0.6706100455235205 0.0536738671875 0.061888983308042496
