0 0.44791300781249993 0.21666284671532848 0.073459609375 0.07539518248175182
0 0.43061736718750004 0.27326658394160586 0.076604265625 0.07958805839416058
0 0.39288156250000006 0.40743855474452556 0.07974890625 0.07958805839416058
0 0.31347903125 0.6579626277372264 0.07188728125 0.08587737226277373
0 0.272598546875 0.7952791605839418 0.0750319375 0.08797379562043796
0 0.47778716406250005 0.8634134306569344 0.070314953125 0.08587737226277373
0 0.23564886718749997 0.9084867883211679 0.073459609375 0.07539518248175182
0 0.6491708671875001 0.6149856934306569 0.035723765625 0.15086686131386862
0 0.52967399609375 0.7355307737226278 0.06480689843750001 0.07749162043795621
0 0.68769283203125 0.23133788321167884 0.0460228515625 0.14667401459854015
0 0.64995696875 0.19255382481751826 0.041052375 0.13619182481751824
0 0.9054604414062501 0.37075087591240874 0.0420130703125 0.15296335766423358
0 0.950271734375 0.40114927007299267 0.04064190625 0.14667401459854015
0 0.7207117421875 0.640142905109489 0.045107859374999996 0.14248113868613138
