0 0.9109630195312499 0.5059709416058394 0.0337744765625 0.12151677372262774
0 0.9086049921875 0.6181303503649636 0.032772484375 0.10684172262773724
0 0.9259005039062499 0.1904573868613139 0.0258791328125 0.11103459854014598
0 0.90152946484375 0.18207164963503647 0.0256386171875 0.11522747445255474
0 0.92354223046875 0.2910862627737226 0.027514148437500004 0.10684172262773724
0 0.89688021484375 0.2865065401459854 0.0289604296875 0.11313103649635037
0 0.8708688671875 0.282700598540146 0.029928359375 0.11522747445255474
0 0.872440953125 0.18207164963503647 0.03652096875 0.10684172262773724
0 0.84335353125 0.28794172262773726 0.029324250000000003 0.11313103649635037
0 0.845712 0.17578233576642335 0.030120875000000002 0.11942035036496351
0 0.8252715078125 0.17473412408759123 0.030166453125 0.10055242335766423
0 0.7969697734375 0.16215551094890512 0.030242671875 0.10055242335766423
0 0.8189825039062499 0.27745944525547445 0.032688445312499995 0.10893816058394161
0 0.79382489453125 0.2701219781021898 0.030721195312499998 0.09007023357664233
0 0.7639507109375 0.27221844525547445 0.027005484375 0.10264886131386862
0 0.7702400507812499 0.17368590510948903 0.0244368203125 0.09426310948905109
0 0.7458689726562501 0.1642519416058394 0.0259298203125 0.11313103649635037
0 0.7442966249999999 0.26592903649635036 0.03121496875 0.10684172262773724
0 0.7136362187499999 0.27431481751824816 0.031192593749999997 0.11103459854014598
0 0.7199255468750001 0.17683056204379563 0.030068749999999998 0.10055242335766423
0 0.68847902734375 0.1527215401459854 0.027755867187499998 0.12780608759124087
0 0.6869067109375 0.2690737299270073 0.034220921875 0.10055242335766423
0 0.6656802460937501 0.14538402189781022 0.0318915859375 0.10055242335766423
0 0.6617494453124999 0.2491576496350365 0.026761703125 0.10684172262773724
0 0.638950703125 0.1474804598540146 0.03210078125 0.10055242335766423
0 0.6381645546875 0.24915753284671532 0.031164421874999997 0.11522747445255474
0 0.6106488671875001 0.24182002919708026 0.031111796874999997 0.10893816058394161
0 0.615365796875 0.14014292700729927 0.03552315625 0.10264886131386862
0 0.59020858203125 0.13385361313868616 0.0325882578125 0.10264886131386862
0 0.58470544921875 0.24077187591240878 0.0287098046875 0.10264886131386862
0 0.5619067187500001 0.1265160875912409 0.025890000000000003 0.10474528467153284
0 0.5579758359375 0.23343433576642336 0.030560578124999998 0.10893816058394161
0 0.49901357421875003 0.12756430656934306 0.030155429687500002 0.10684172262773724
0 0.49429659765625 0.22400031386861313 0.026530851562500003 0.09426310948905109
0 0.46913940625000006 0.12337143065693432 0.032367875000000004 0.11103459854014598
0 0.44240980468749996 0.11184104379562043 0.031473203125 0.10055242335766423
0 0.419611109375 0.10974460583941606 0.03056096875 0.10055242335766423
0 0.39130918359375 0.10869638686131387 0.0302688359375 0.09845598540145986
0 0.3630073359375 0.10974459854014598 0.033930140625 0.10474528467153284
0 0.34020858593750003 0.11288924817518249 0.028882328125000002 0.09007023357664233
0 0.313478984375 0.10240707299270072 0.028599375 0.10264886131386862
0 0.2867494296875 0.09611776642335766 0.032385890625000004 0.10684172262773724
0 0.2584475625 0.0908766715328467 0.029327 0.11313103649635037
0 0.23329037109375 0.09192489781021898 0.031898710937500005 0.09007023357664233
0 0.20813308984374998 0.07305696350364964 0.0284703984375 0.10684172262773724
0 0.18218973046875 0.07620162043795621 0.030291179687499996 0.10474528467153284
0 0.1586048046875 0.0835391605839416 0.030759921875000002 0.10264886131386862
0 0.13266144140625 0.06676766715328468 0.0284721015625 0.11942035036496351
0 0.10278716796875001 0.06257478832116789 0.0346454296875 0.10684172262773724
0 0.10357334765625 0.167396598540146 0.0333079453125 0.11103459854014598
0 0.13030292578125 0.17683055474452555 0.0318088203125 0.10474528467153284
0 0.15624634375 0.18311985401459854 0.0339983125 0.10474528467153284
0 0.18297587499999998 0.19465026277372263 0.0341989375 0.10684172262773724
0 0.20813313671875 0.18207164233576642 0.0284115859375 0.10264886131386862
0 0.23407648828125 0.18731272992700732 0.0287553203125 0.10893816058394161
0 0.258447578125 0.19465027007299274 0.026877343749999998 0.10264886131386862
0 0.28046011718749997 0.2051324817518248 0.027132421875 0.11103459854014598
0 0.30876206640625 0.2103734598540146 0.0307422578125 0.10893816058394161
0 0.336277796875 0.20408417518248176 0.02588246875 0.10474528467153284
0 0.36300730859375 0.2114217664233577 0.0293780546875 0.11522747445255474
0 0.38501986328125 0.2260968613138686 0.029408789062500003 0.11103459854014598
0 0.41646641015624997 0.23133792700729924 0.0293171953125 0.11313103649635037
0 0.4416237109375 0.2271450510948905 0.029369453125 0.10474528467153284
0 0.46992554296875 0.2219039927007299 0.029414367187500002 0.10264886131386862
0 0.8795168125 0.6128893138686131 0.029324250000000003 0.11313103649635037
0 0.8858058476562499 0.5101639124087591 0.0287585703125 0.11313103649635037
0 0.8582905898437501 0.4975852846715329 0.0270749296875 0.10893816058394161
0 0.854359484375 0.6013588175182482 0.02609865625 0.10684172262773724
0 0.8347053242187499 0.5049228248175183 0.0309762734375 0.10264886131386862
0 0.8307745703125 0.6003106642335766 0.029192890625000002 0.10055242335766423
0 0.8048308437500001 0.6086963795620438 0.027685124999999998 0.10893816058394161
0 0.80718983203125 0.5028263868613139 0.0302624765625 0.09845598540145986
0 0.78281862109375 0.4986334160583942 0.0309577109375 0.10684172262773724
0 0.777315515625 0.599262496350365 0.03172728125 0.11522747445255474
0 0.75608906640625 0.4933924452554745 0.0303409453125 0.08797379562043796
0 0.73171803515625 0.4829101605839416 0.0249148203125 0.10474528467153284
0 0.74979980078125 0.5961177810218978 0.029979445312500002 0.11313103649635037
0 0.72385641015625 0.5908767153284672 0.029245164062500002 0.11103459854014598
0 0.70341615234375 0.48500659854014605 0.0295413671875 0.10893816058394161
0 0.6986991406249999 0.5835391313868613 0.028565312500000002 0.10055242335766423
0 0.67354190234375 0.5803944379562044 0.0292652109375 0.10684172262773724
0 0.675114234375 0.47976562043795623 0.031932218750000005 0.11103459854014598
0 0.64995696875 0.4766208686131386 0.02928409375 0.12151677372262774
0 0.64759851171875 0.5814427445255476 0.0305585859375 0.11313103649635037
0 0.6216551445312499 0.47452440875912416 0.0289687265625 0.10893816058394161
0 0.62086892578125 0.5772498394160585 0.0307937890625 0.11732391240875911
0 0.5986610664062499 0.47452440875912416 0.0285485390625 0.10893816058394161
0 0.57527144921875 0.47033164963503654 0.028641023437500003 0.11313103649635037
0 0.548541890625 0.45880124087591245 0.02764175 0.11103459854014598
0 0.59492553125 0.5730569635036497 0.03030903125 0.10893816058394161
0 0.56583750390625 0.5646711824817519 0.026833289062499998 0.10474528467153284
0 0.48486263671874996 0.45146365693430657 0.0255257421875 0.10055242335766423
0 0.47857337890625 0.5510444525547445 0.0341544140625 0.11103459854014598
0 0.53910796875 0.5531407810218978 0.025015312499999998 0.10264886131386862
0 0.42747274609375 0.5468515839416058 0.0309762734375 0.10264886131386862
0 0.4526299296875 0.5458033649635037 0.028660015625 0.10055242335766423
0 0.4581331171875 0.44831908759124095 0.030414515625 0.09845598540145986
0 0.40388783984375004 0.4357404014598541 0.0288045859375 0.09845598540145986
0 0.39838469921874997 0.5458033357664234 0.029229242187499997 0.09216667153284672
0 0.37558594921875 0.5458032773722628 0.0239331484375 0.09635954744525549
0 0.37873061718749995 0.42735470802919706 0.033358421875 0.09845598540145986
0 0.35200105078125 0.43154746715328474 0.0302138203125 0.09426310948905109
0 0.32684378124999997 0.4221135474452555 0.0321769375 0.11313103649635037
0 0.349642515625 0.5353211751824818 0.028356125 0.10055242335766423
0 0.32055449609375003 0.532176401459854 0.0329661796875 0.10264886131386862
0 0.30168659765625006 0.4231618613138686 0.0335063203125 0.09845598540145986
0 0.2741708203125 0.4116313284671532 0.032067421875 0.10474528467153284
0 0.2466551171875 0.4126796131386862 0.027397578125 0.10264886131386862
0 0.24586894531250003 0.5154049489051095 0.029172890624999996 0.10684172262773724
0 0.22228406640624998 0.5122603211678832 0.0286843828125 0.10893816058394161
0 0.22307020312500003 0.4168724890510949 0.0302643125 0.09007023357664233
0 0.19948528125 0.40114913868613133 0.030462125 0.10474528467153284
0 0.19319599609375 0.518549700729927 0.033308242187499996 0.09635954744525549
0 0.17275574218749998 0.39695629197080295 0.029750546875 0.10474528467153284
0 0.14602616406250002 0.402197394160584 0.031622640625 0.09426310948905109
0 0.11300728906249999 0.4944406569343066 0.026822703125000003 0.11103459854014598
0 0.142881546875 0.4965371021897811 0.03233184375 0.09426310948905109
0 0.11615201171875 0.3948599416058394 0.0233219921875 0.10474528467153284
0 0.09256708203125 0.3948599197080292 0.0256874453125 0.09635954744525549
0 0.08942241796874999 0.49444056934306574 0.033405882812499996 0.10684172262773724
0 0.9714978828125 0.8351114744525548 0.033659828125 0.10474528467153284
0 0.8968123125 0.8225327883211679 0.0301230625 0.10474528467153284
0 0.8700829531250001 0.8225329124087593 0.02871903125 0.09635954744525549
0 0.844139765625 0.8246292627737226 0.03144984375 0.09635954744525549
0 0.8181959375 0.8120506642335767 0.028485624999999997 0.10055242335766423
0 0.89209683984375 0.9155281824817518 0.0349468046875 0.10055242335766423
0 0.5320324882812499 0.7617362700729927 0.0307090390625 0.09635954744525549
0 0.56112051171875 0.7680255766423358 0.028238054687500003 0.10893816058394161
0 0.5870639453125001 0.774314897810219 0.030905078125000002 0.10055242335766423
0 0.61222115625 0.7764112700729927 0.030551375 0.10893816058394161
0 0.63973687890625 0.7827005912408759 0.030904539062500003 0.10055242335766423
0 0.6641079765625 0.7816524233576643 0.029041734375 0.11522747445255474
0 0.6916236484375 0.7879416788321167 0.029492453125000002 0.11103459854014598
0 0.7159947382812499 0.7910863065693431 0.0343732265625 0.10893816058394161
0 0.63344755078125 0.8906670802919707 0.0263057265625 0.11103459854014598
0 0.79461110546875 0.8057613795620439 0.0374061171875 0.09635954744525549
0 0.76316451953125 0.902197401459854 0.0289687265625 0.10893816058394161
0 0.46913940234374996 0.7638327080291971 0.030698804687499998 0.10055242335766423
0 0.46520858984375 0.8539793357664234 0.0257245234375 0.09635954744525549
0 0.68769281640625 0.8927634306569343 0.029245164062500002 0.11103459854014598
0 0.79225259375 0.9074385547445256 0.02344909375 0.11522747445255474
0 0.81347928515625 0.9126795912408759 0.0341632578125 0.10893816058394161
0 0.83785012890625 0.9158243065693431 0.0315002578125 0.11103459854014598
0 0.86615159375 0.914776 0.0356969375 0.10474528467153284
0 0.41882491796874993 0.7481094525547445 0.028411867187500002 0.09845598540145986
0 0.7128500703125 0.8948598394160585 0.031025140624999996 0.10684172262773724
0 0.738007359375 0.8917151897810219 0.030908 0.10055242335766423
0 0.7435105 0.7973756861313869 0.030088343750000003 0.09635954744525549
0 0.76709539453125 0.7984239051094891 0.026083289062499997 0.09845598540145986
0 0.41332177734375 0.8508347299270074 0.0301874609375 0.10684172262773724
0 0.38973689453125004 0.7564950583941606 0.0297948828125 0.09426310948905109
0 0.34099477734375 0.7470611751824818 0.029156429687500002 0.10055242335766423
0 0.31505136328125005 0.7481094160583941 0.028698507812500003 0.11103459854014598
0 0.38816456640624997 0.8403525182481753 0.030415070312499997 0.09845598540145986
0 0.361435015625 0.85188300729927 0.02692253125 0.10474528467153284
0 0.307975875 0.8518829781021898 0.03250753125 0.11732391240875911
0 0.33863624609375004 0.8466418832116789 0.0310471796875 0.10684172262773724
0 0.2820325 0.834063197080292 0.025949375000000004 0.10684172262773724
0 0.2592337109375 0.8277739781021898 0.030543203125 0.09845598540145986
0 0.264736875 0.7334343284671533 0.028333906250000002 0.09426310948905109
0 0.24036578125000002 0.7260967664233576 0.030241093749999996 0.09216667153284672
0 0.21206395312499998 0.7177111240875913 0.03008821875 0.10893816058394161
0 0.20498842968750003 0.8204364379562044 0.034163109375 0.10474528467153284
0 0.18376206640625 0.708277102189781 0.0302138203125 0.09426310948905109
0 0.1601771171875 0.7124699124087591 0.027016578125000003 0.10684172262773724
0 0.13580603125 0.7093252627737227 0.026997062500000002 0.10055242335766423
0 0.10829033203125 0.7082771313868613 0.0306622265625 0.10264886131386862
0 0.08156077734375 0.708277102189781 0.0297948828125 0.09426310948905109
0 0.10829037500000001 0.8110024671532847 0.028601375000000002 0.10684172262773724
