0 0.21113741253644314 0.1352982784272051 0.03961185131195335 0.06223989373007439
0 0.3272304919825073 0.07672027098831032 0.040822500000000005 0.05256247608926674
0 0.3876905502915452 0.1520938522848034 0.040822500000000005 0.05417537725823592
0 0.4605950874635569 0.12633780021253985 0.030655481049562682 0.057401190223166844
0 0.4511927660349854 0.23914540913921362 0.04163538629737609 0.055271264612114776
0 0.5487118768221574 0.3569376992561105 0.03476923469387755 0.05094957492029756
0 0.6052682106413994 0.4360151965993624 0.033558578717201165 0.0606269925611052
0 0.6685558637026239 0.5267985281615303 0.04203315597667639 0.05417537725823592
0 0.46938936224489797 0.45517089798087146 0.05087216472303207 0.06546570669500532
0 0.6081956304664723 0.61575105738576 0.04614169825072886 0.06288086078639744
0 0.7327514322157435 0.6048985069075451 0.043572981049562684 0.060393400637619554
0 0.8010322886297376 0.6967137885228482 0.03912434402332362 0.052132996811902234
0 0.8667691217201167 0.7803700797024442 0.040822500000000005 0.05256247608926674
0 0.9097476530612245 0.831983012752391 0.04687577259475218 0.06546570669500532
0 0.831055196793003 0.9029507545164718 0.040340714285714285 0.04611086078639745
