2 0.62375 0.989375 0.0225 0.02125
2 0.915 0.909375 0.03 0.03375
2 0.825 0.834375 0.04 0.04625
2 0.81125 0.81875 0.0375 0.0425
2 0.8425 0.84875 0.035 0.04
2 0.970625 0.88625 0.05875 0.08
2 0.96375 0.863125 0.055 0.05625
2 0.79625 0.9625 0.04 0.045
2 0.7425 0.98375 0.03 0.0325
2 0.78 0.9475 0.035 0.0375
2 0.639375 0.831875 0.04375 0.04875
2 0.585625 0.876875 0.05625 0.05875
2 0.570625 0.8925 0.04125 0.0525
2 0.553125 0.91375 0.03875 0.0425
2 0.536875 0.924375 0.04875 0.04875
2 0.53 0.945625 0.0275 0.02875
2 0.4825 0.97875 0.0175 0.015
2 0.475 0.969375 0.025 0.02125
2 0.290625 0.7075 0.01125 0.02
2 0.350625 0.78375 0.11375 0.145
2 0.360625 0.756875 0.07375 0.09125
2 0.28 0.613125 0.0675 0.09375
2 0.21 0.519375 0.035 0.04625
2 0.1075 0.34125 0.115 0.16
2 0.09 0.271875 0.0375 0.03875
2 0.61 0.864375 0.04 0.04625
2 0.76625 0.93375 0.035 0.035
2 0.5775 0.950625 0.03 0.02375
2 0.695 0.789375 0.0525 0.05875
2 0.77125 0.78875 0.055 0.055
2 0.791875 0.805 0.03875 0.04
2 0.75 0.91625 0.03 0.0375
2 0.736875 0.905 0.03375 0.0325
2 0.723125 0.886875 0.03125 0.03375
2 0.70125 0.94375 0.0275 0.0275
2 0.68375 0.9325 0.035 0.035
2 0.671875 0.92 0.03625 0.035
2 0.70375 0.8775 0.0375 0.035
2 0.65625 0.81625 0.05 0.0525
2 0.685 0.86125 0.03 0.0275
2 0.6475 0.8925 0.035 0.0275
2 0.60625 0.924375 0.0225 0.02125
2 0.5475 0.9775 0.025 0.0225
2 0.79875 0.715 0.0525 0.0575
2 0.72875 0.648125 0.065 0.06375
2 0.743125 0.734375 0.05625 0.05625
2 0.7275 0.755 0.05 0.0575
2 0.52 0.954375 0.02 0.02375
2 0.87125 0.78375 0.04 0.05
2 0.853125 0.76875 0.04375 0.045
2 0.831875 0.751875 0.04375 0.04625
2 0.78375 0.7 0.05 0.0525
2 0.74625 0.666875 0.04 0.04375
2 0.765625 0.684375 0.04875 0.05375
2 0.0325 0.211875 0.06 0.10125
