1 0.27 0.329375 0.0675 0.06875
1 0.19875 0.4025 0.0675 0.0625
1 0.2725 0.40125 0.07 0.06
1 0.20125 0.4775 0.07 0.065
1 0.27125 0.47625 0.07 0.065
1 0.398125 0.151875 0.06875 0.06375
1 0.4725 0.149375 0.0625 0.06125
1 0.543125 0.144375 0.06375 0.06625
1 0.61375 0.144375 0.065 0.06875
1 0.47625 0.256875 0.0625 0.06125
1 0.54375 0.251875 0.065 0.06375
1 0.4775 0.325 0.0625 0.06
1 0.545625 0.32125 0.06125 0.0575
1 0.47875 0.39625 0.065 0.0625
1 0.5475 0.393125 0.065 0.06375
1 0.479375 0.464375 0.06375 0.06375
1 0.54875 0.46375 0.065 0.065
1 0.195 0.33 0.07 0.0675
