2 0.130625 0.55375 0.11875 0.06
2 0.105625 0.51125 0.09125 0.0525
2 0.1025 0.453125 0.13 0.07125
2 0.089375 0.40125 0.11375 0.0625
2 0.08125 0.354375 0.15 0.07375
2 0.051875 0.3125 0.09375 0.0525
2 0.055 0.255 0.1075 0.07
2 0.0425 0.208125 0.0825 0.06375
2 0.25125 0.093125 0.12 0.07875
2 0.2725 0.14125 0.1125 0.0775
2 0.3175 0.2925 0.1125 0.075
2 0.1 0.689375 0.1975 0.09625
2 0.30625 0.240625 0.09 0.05375
2 0.34625 0.39 0.1025 0.065
2 0.386875 0.5475 0.11375 0.07
2 0.898125 0.24125 0.10625 0.07
2 0.39875 0.595 0.125 0.065
2 0.41375 0.644375 0.1125 0.06375
2 0.541875 0.55125 0.13375 0.0675
2 0.515625 0.50625 0.10375 0.0575
2 0.5075 0.45875 0.125 0.08
2 0.490625 0.406875 0.11375 0.06625
2 0.49 0.3525 0.1475 0.085
2 0.451875 0.30625 0.12375 0.0675
2 0.446875 0.256875 0.13625 0.07375
2 0.43 0.21125 0.1325 0.0675
2 0.394375 0.05625 0.12875 0.075
2 0.755 0.26 0.11 0.0725
2 0.545625 0.678125 0.18125 0.09125
2 0.5625 0.599375 0.1575 0.08625
2 0.90375 0.581875 0.1925 0.10625
2 0.9375 0.385625 0.125 0.06625
